---
border:
  x: 31.571737
  y: 46.681629
  width: 748.66968
  height: 1037.1312
title:
  x: 60.707096
  y: 82.685112
  width: 689.02533
  height: 114.84955
art:
  x: 62.148556
  y: 210.5002
  width: 686.1424
  height: 526.80182
description:
  x: 62.859818
  y: 753.79388
  width: 687.4671
  height: 300.10458
